Species	Extant	SampT
t1	FALSE	92.53254017142285
t3	FALSE	98.16600829601825
t3	FALSE	57.074316781358846
t4	FALSE	105.97330820296054
t4	FALSE	76.36893045805887
t7	FALSE	134.81938937039
t7	FALSE	84.46708647146374
t8	FALSE	132.5848922927961
t9	FALSE	128.9485795921595
t11	FALSE	135.712768958081
t11	FALSE	121.9016052048099
t11	FALSE	102.3733060080955
t13	FALSE	105.40123671888573
t13	FALSE	102.79247533193988
t15	FALSE	91.10232320959582
t16	FALSE	101.70832044407251
t16	FALSE	100.22987022026899
t16	FALSE	70.58266039136721
t18	TRUE	97.26265357838855
t18	TRUE	84.54081336999224
t18	TRUE	59.27910789031645
t18	TRUE	46.11312256310245
t18	TRUE	36.23134400811156
t19	TRUE	85.08869213167688
t19	TRUE	56.87054881178352
t19	TRUE	49.13879785970363
t19	TRUE	4.828762119404871
t19	TRUE	3.0768133567198106
t20	TRUE	77.4760680424433
t20	TRUE	58.06766779827264
t20	TRUE	27.729155289891736
t20	TRUE	20.296306454119815
t20	TRUE	3.1658939034401783
t21	TRUE	95.3073044404303
t21	TRUE	87.03283573814304
t21	TRUE	24.20456181929879
t21	TRUE	16.43333568887286
t21	TRUE	6.683928190706894
t22	TRUE	76.06478858804633
t22	TRUE	75.39338178998162
t22	TRUE	73.56746961008736
t22	TRUE	66.53161440870156
t22	TRUE	34.51632362852635
t22	TRUE	4.730903556762485
t23	TRUE	76.4134186101293
t23	TRUE	33.45480400873359
t23	TRUE	28.89761272622283
t23	TRUE	20.30599525934096
t23	TRUE	13.830904614087302
t23	TRUE	12.430696243292715
t23	TRUE	8.499527264258887
t23	TRUE	2.833862833551194
t24	TRUE	50.85805380417325
t24	TRUE	21.256164068903217
t24	TRUE	4.149909041767842
t25	TRUE	31.135684026532175
t25	TRUE	11.60432968199109
t27	FALSE	114.9813150249063
t27	FALSE	95.38618844458495
t27	FALSE	69.76080965790757
t27	FALSE	60.787253161704626
t27	FALSE	53.85557475108513
t27	FALSE	42.45160306412586
t27	FALSE	40.67001501606747
t27	FALSE	40.294966494914405
t29	TRUE	52.16796998253635
t29	TRUE	50.32858713747591
t29	TRUE	44.69583445446223
t29	TRUE	29.33501459028429
t29	TRUE	13.133873840924906
t29	TRUE	11.601903852206277
t29	TRUE	1.8420569730369323
t30	TRUE	38.97434456676987
t30	TRUE	4.256848083932198
t31	TRUE	75.74192238191287
t31	TRUE	57.16045066018002
t31	TRUE	52.87734315965669
t31	TRUE	50.07249659162359
t31	TRUE	9.21623984754828
t33	FALSE	127.23334204377241
t34	FALSE	120.75696869279054
t35	FALSE	116.637417972002
t35	FALSE	110.94381095613412
t36	FALSE	114.17364135841635
t36	FALSE	94.98410301824096
t36	FALSE	94.85614872147325
t36	FALSE	64.99125384487138
t36	FALSE	62.48628902488309
t38	TRUE	85.1963729974122
t38	TRUE	38.2911713195864
t38	TRUE	32.78521929475403
t38	TRUE	3.946148052433017
t39	FALSE	112.62576268209483
t39	FALSE	82.7300119503119
t39	FALSE	77.72807264800156
t39	FALSE	76.8911446086316
t39	FALSE	59.4063784160262
t39	FALSE	59.370380842739905
t40	TRUE	32.48802804963137
t40	TRUE	19.185841908840786
t40	TRUE	18.650333747430096
t40	TRUE	2.529794999469516
t41	FALSE	109.09289364911726
t41	FALSE	108.54166767768672
t43	FALSE	126.42868657244789
t43	FALSE	120.90897365914282
t43	FALSE	97.35313340615303
t44	FALSE	111.99792155146798
t44	FALSE	106.44528279895883
t44	FALSE	104.0593851811717
t44	FALSE	101.13217109482831
t44	FALSE	94.7280444088107
t45	FALSE	115.20385753026132
t46	FALSE	99.98426875820465
t46	FALSE	80.47961270144282
t46	FALSE	76.96655711525734
t46	FALSE	73.58888914532874
t46	FALSE	73.23235803007994
t46	FALSE	73.07341348792131
t46	FALSE	60.832092142130094
t46	FALSE	57.49694332892712
t47	FALSE	100.14047083700157
t49	TRUE	54.754958655691894
t49	TRUE	42.996620023629816
t50	TRUE	65.84725217108505
t50	TRUE	57.4194326638885
t50	TRUE	30.342196265674147
t51	TRUE	65.06058319575874
t51	TRUE	64.61164715628566
t51	TRUE	54.98934695425869
t51	TRUE	41.46732780079783
t51	TRUE	29.499178352291807
t51	TRUE	15.617822210372225
t52	FALSE	110.22037685596266
t53	FALSE	94.00723310672115
t56	TRUE	94.4962751943672
t56	TRUE	93.9463872172126
t56	TRUE	82.9301879637131
t56	TRUE	34.109187323159134
t56	TRUE	32.20884031758324
t56	TRUE	15.488720901709712
t57	TRUE	51.21955874479582
t57	TRUE	34.00789383055117
t57	TRUE	15.86836501296284
t60	FALSE	97.18747958791653
t60	FALSE	95.7654004103432
t60	FALSE	91.12262427126268
t60	FALSE	81.22954259856772
t63	FALSE	111.70122604563282
t63	FALSE	63.88358198104474
t64	FALSE	120.51184788114429
t69	FALSE	123.12591396566987
t69	FALSE	112.09738503473665
t69	FALSE	104.63251153270568
t70	FALSE	102.30028579037717
t71	FALSE	77.62113274650338
t71	FALSE	71.10045714347908
t72	TRUE	88.14958529267386
t72	TRUE	56.81720267615097
t72	TRUE	33.55348994673244
t72	TRUE	0.8987261157244859
t73	TRUE	83.46306687460469
t73	TRUE	14.142641971896126
t75	FALSE	120.38911095783871
t75	FALSE	68.92452615528791
t75	FALSE	67.71844538144259
t79	FALSE	117.78441377146422
t79	FALSE	117.19923063573518
t80	FALSE	95.07121339011546
t81	FALSE	78.6954522678182
t81	FALSE	56.26433221572469
t82	FALSE	78.29039269989063
t82	FALSE	70.92831230653157
t82	FALSE	67.15397876618137
t85	FALSE	112.97746591420822
t85	FALSE	105.23820778017705
t85	FALSE	48.45749652011958
t86	FALSE	128.7952535415546
t88	TRUE	81.76544642161507
t88	TRUE	63.914779240099136
t88	TRUE	38.86830937370985
t88	TRUE	31.60154463434003
t88	TRUE	29.475157302972946
t88	TRUE	20.832277597096834
t88	TRUE	17.491583037358794
t88	TRUE	12.968693976459178
t91	FALSE	116.96634160887228
t92	FALSE	111.26977264114171
t94	FALSE	113.90727031405821
t94	FALSE	94.47975899538031
t94	FALSE	89.33055211303761
t96	FALSE	95.18645596140836
t96	FALSE	91.86829242683018
t96	FALSE	83.01096376790667
t97	TRUE	75.12701361938794
t97	TRUE	62.01308955005784
t97	TRUE	42.200220455795346
t97	TRUE	20.820545262014434
t97	TRUE	12.842880120789573
t97	TRUE	8.369937340086267
t98	TRUE	43.36060262951882
t98	TRUE	24.53627821228035
t98	TRUE	18.253564361320215
t98	TRUE	13.33940425126383
t98	TRUE	5.996821943507882
t99	TRUE	37.85284751761587
t99	TRUE	13.276321252864676
t100	TRUE	38.21880965959876
t101	TRUE	14.207829230759273
t102	TRUE	6.166249850218065
t104	TRUE	87.93333242410196
t104	TRUE	82.56096611950477
t104	TRUE	65.88062852153502
t104	TRUE	9.971334634896351
t105	TRUE	86.43687208887728
t105	TRUE	82.99701648537608
t105	TRUE	68.03705897970863
t105	TRUE	54.18111801936098
t105	TRUE	12.860834533602201
t106	TRUE	69.7579969074734
t106	TRUE	40.838897431356344
t106	TRUE	35.43745626517895
t106	TRUE	22.808202903804812
t106	TRUE	16.100238969636592
t107	TRUE	18.637125726020273
t107	TRUE	15.856236291512744
t108	TRUE	49.84191729428801
t108	TRUE	39.4874218695511
t108	TRUE	32.600236450852236
t109	TRUE	39.88684751141
t110	TRUE	41.44752191808921
t110	TRUE	39.1593600293706
t111	TRUE	28.049158691904722
t112	TRUE	10.76432153206531
t112	TRUE	2.546343073213734
t113	FALSE	118.03306155598337
t113	FALSE	88.3296032652075
t113	FALSE	48.128371951155856
t113	FALSE	46.73208157064815
t114	FALSE	73.82002211322029
t114	FALSE	69.37128231818008
t115	FALSE	114.00712109494395
t115	FALSE	110.42609274710901
t119	TRUE	69.87859118332094
t119	TRUE	67.27396936689442
t120	FALSE	122.71596012484682
t120	FALSE	122.70302505753632
t121	FALSE	120.40959333295548
t124	FALSE	120.02148427167158
t124	FALSE	111.2137094894908
t124	FALSE	108.6103216941021
t125	FALSE	101.70511269150583
t125	FALSE	82.09913845398013
t125	FALSE	67.85985731304504
t125	FALSE	62.03180172739789
t125	FALSE	53.35512072107062
t125	FALSE	49.866225004924985
t125	FALSE	49.4421781532304
t125	FALSE	28.628036597449977
t126	FALSE	93.8850976824333
t126	FALSE	64.06077782973496
t126	FALSE	59.698680829031744
t127	TRUE	27.6545393040289
t127	TRUE	11.38147665541237
t128	TRUE	69.2875572941597
t128	TRUE	62.39676902552576
t128	TRUE	22.26575701216143
t129	TRUE	39.5672269602093
t129	TRUE	21.350750651004958
t129	TRUE	12.979321533099778
t130	TRUE	52.88194538647801
t132	TRUE	28.685901142553178
t132	TRUE	24.27172308404812
t132	TRUE	18.65050020244786
t132	TRUE	4.16267213112755
t133	TRUE	26.9284229640744
t135	FALSE	96.17124409266816
t135	FALSE	89.74725549171833
t135	FALSE	72.98915901485378
t135	FALSE	48.92536430967718
t135	FALSE	44.90754958590239
t136	FALSE	102.78016667066919
t137	TRUE	70.3841596799621
t137	TRUE	46.75514349376027
t137	TRUE	35.967625553134724
t137	TRUE	35.19113000521273
t137	TRUE	24.71960882944886
t137	TRUE	6.9902034793059045
t138	FALSE	92.93270586770606
t139	TRUE	95.16854688221969
t139	TRUE	72.16854154844415
t142	FALSE	88.16076149292704
t142	FALSE	85.46428245552298
t142	FALSE	83.12019767561462
t143	TRUE	89.81702461591867
t143	TRUE	35.900170169822715
t143	TRUE	24.092761008120917
t143	TRUE	2.6644781706463334
t143	TRUE	2.1858981647071403
t143	TRUE	1.875182997855262
t144	TRUE	96.37759341611472
t144	TRUE	90.96606604721188
t144	TRUE	87.3120814693136
t144	TRUE	74.44126848513017
t144	TRUE	69.77275228509436
t144	TRUE	59.807738870473
t144	TRUE	25.153448419553854
t145	FALSE	117.09729944522505
t145	FALSE	116.3258326349688
t145	FALSE	87.24334090351537
t147	FALSE	112.29373322456532
t147	FALSE	84.3855281715453
t147	FALSE	53.676802273767734
t149	FALSE	90.53526455323055
t149	FALSE	59.89407872735764
t149	FALSE	56.0351811661305
t149	FALSE	46.971461496943874
t150	TRUE	86.13309436710054
t150	TRUE	56.99574225556546
t150	TRUE	43.935852860775526
t151	TRUE	72.39135451931207
t151	TRUE	61.60856747218483
t151	TRUE	44.63114017295351
t151	TRUE	15.235905701584244
t151	TRUE	13.299873190290356
t152	FALSE	112.9024515218099
t152	FALSE	111.08308159724452
t152	FALSE	107.07657353930749
t153	FALSE	107.02036377186963
t153	FALSE	98.70716116471564
t153	FALSE	96.17872598661458
t155	FALSE	58.0476697507343
t155	FALSE	41.88553206436822
t156	FALSE	102.88641761534788
t156	FALSE	102.7353415220318
t156	FALSE	102.68190086185378
t156	FALSE	88.82093785628122
t156	FALSE	88.50413132278759
t156	FALSE	87.4982175864889
t157	FALSE	115.35824478764484
t158	FALSE	110.13136209322397
t159	FALSE	115.93735590425197
t160	FALSE	84.23002542409486
t161	FALSE	78.42389596027104
t161	FALSE	74.58983579982785
t161	FALSE	63.67810787034003
t161	FALSE	50.20476360206274
t161	FALSE	50.185790639423445
t161	FALSE	44.81621660297425
t162	TRUE	101.00298363814355
t162	TRUE	100.80588459879147
t162	TRUE	81.50735080284952
t163	FALSE	109.50441784438658
t163	FALSE	96.46390127231348
t165	TRUE	102.9911467780264
t165	TRUE	100.70510202422925
t165	TRUE	70.38665106092233
t165	TRUE	17.044899107993302
t165	TRUE	16.437727965885585
t165	TRUE	16.31958577945059
t165	TRUE	6.489470733098443
t166	FALSE	82.0889881105107
t167	TRUE	83.45261657865798
t167	TRUE	72.86501303570425
t167	TRUE	51.99939756062162
t168	TRUE	87.38823121546879
t168	TRUE	72.93422658733604
t168	TRUE	61.98901745296595
t168	TRUE	53.83490087499281
t168	TRUE	29.856209085580076
t168	TRUE	25.321989740502204
t168	TRUE	13.128399691801633
t168	TRUE	2.9878009774499787
t169	TRUE	76.3199939329102
t169	TRUE	68.73453449755155
t169	TRUE	68.27844229077002
t169	TRUE	17.00333879131503
t170	TRUE	75.63781031704687
t170	TRUE	74.66203197191506
t170	TRUE	70.3139425470218
t170	TRUE	36.11088660068313
t170	TRUE	10.959857390985633
t171	TRUE	79.09426831021477
t171	TRUE	75.2617663176315
t171	TRUE	22.042631996853117
t171	TRUE	11.051593391282324
t172	TRUE	56.09861760796751
t172	TRUE	32.90430573295774
t172	TRUE	31.31424451727392
t173	TRUE	89.37833180730314
t173	TRUE	52.769906504689885
t173	TRUE	46.66326891776956
t173	TRUE	45.54366042983568
t173	TRUE	19.043389393454902
t173	TRUE	17.103842267529245
t173	TRUE	5.825779041038032
t173	TRUE	4.176682190732237
t174	TRUE	85.82804649105881
t174	TRUE	26.158755117351973
t174	TRUE	16.285578275328874
t174	TRUE	13.56873942748308
t175	TRUE	74.6304081859701
t175	TRUE	56.98263426532057
t175	TRUE	51.37655924295095
t175	TRUE	34.59566950171474
t175	TRUE	7.785523044107947
t176	TRUE	81.90959433230391
t176	TRUE	27.49141676740207
t176	TRUE	16.700163114978466
t178	FALSE	108.41870833531135
t179	FALSE	94.46693684307724
t179	FALSE	78.89967791350007
t179	FALSE	69.78641099841714
t180	TRUE	80.68872473898284
t180	TRUE	68.03156002188973
t180	TRUE	66.53500095705442
t180	TRUE	63.87928735229127
t180	TRUE	56.35582422601931
t180	TRUE	42.70881650733702
t180	TRUE	39.18152681996557
t180	TRUE	13.054800588336661
t180	TRUE	3.1773228996217995
t181	TRUE	68.5118356006661
t181	TRUE	55.47707305610865
t181	TRUE	31.565216364148114
t181	TRUE	28.49519795160279
t181	TRUE	7.545648910754522
t182	TRUE	64.3935971929677
t183	TRUE	12.152674568785017
t183	TRUE	10.27616376799125
t184	TRUE	55.31797589322757
t184	TRUE	31.666376680586808
t184	TRUE	18.239102453444474
t184	TRUE	15.19825608070937
t186	TRUE	80.01982418253924
t186	TRUE	58.761390088890806
t186	TRUE	25.448693425045747
t186	TRUE	10.877197202245867
t187	TRUE	91.71908716486473
t187	TRUE	86.53312629835386
t187	TRUE	59.837975659332216
t187	TRUE	52.823926442227304
t187	TRUE	45.71327275495881
t187	TRUE	42.256169942132175
t187	TRUE	31.361530934385
t188	TRUE	85.21799366736491
t188	TRUE	67.69640194207133
t188	TRUE	63.9859931918336
t188	TRUE	48.939427827627526
t189	TRUE	73.4811944737276
t189	TRUE	32.28732383411682
t189	TRUE	17.65952355850598
t190	TRUE	68.70151563912535
t190	TRUE	43.27570147240564
t190	TRUE	40.53642522903189
t190	TRUE	7.568140258700225
t190	TRUE	3.6572623864418006
t190	TRUE	1.4794203162299198
t191	TRUE	50.617587430747264
t191	TRUE	26.650529462166304
t191	TRUE	22.8636539962815
t192	TRUE	54.64392986951269
t192	TRUE	54.58905607991136
t192	TRUE	52.51920021991599
t192	TRUE	45.789641345994355
t192	TRUE	43.565211276667
t192	TRUE	14.366641337596974
t193	TRUE	53.372821022484615
t193	TRUE	48.374947027031496
t193	TRUE	40.93146947837265
t193	TRUE	15.726350320140199
t193	TRUE	15.305763664280988
t194	TRUE	50.924271503406715
t194	TRUE	48.6153902277901
t194	TRUE	37.86630303380929
t194	TRUE	34.14105197196744
t194	TRUE	31.32252577593026
t194	TRUE	1.5888680152023653
t195	TRUE	46.10883024493708
t195	TRUE	15.240822892179153
t200	FALSE	100.56001711246552
t200	FALSE	91.33741298300208
t201	TRUE	77.92730074619482
t201	TRUE	61.277841684581105
t201	TRUE	37.32219211735958
t202	TRUE	14.863571417816587
t202	TRUE	9.299047137909241
t202	TRUE	3.0313049585750775
t204	TRUE	30.994766308171222
t204	TRUE	30.537572261122534
t204	TRUE	25.02742606232829
t204	TRUE	16.75515966507561
t204	TRUE	5.7225481422520375
t204	TRUE	2.7651764045648974
t205	TRUE	40.19242650297224
t205	TRUE	19.189153728251796
t205	TRUE	16.916387451602958
t205	TRUE	12.132908494933389
t207	FALSE	98.82827281985222
t207	FALSE	97.11926081251143
t207	FALSE	82.14224129101251
t207	FALSE	81.02977454779659
t207	FALSE	55.24907618962416
t207	FALSE	51.4987243825216
t209	TRUE	64.90142175513674
t209	TRUE	62.004983105378344
t209	TRUE	57.157945216282414
t209	TRUE	52.60976895002942
t210	TRUE	75.53943961360645
t210	TRUE	73.8229255511056
t210	TRUE	47.48100006502352
t210	TRUE	44.823100258840654
t210	TRUE	31.833035460917685
t210	TRUE	30.02333400702331
t210	TRUE	24.184136219124852
t210	TRUE	13.69661815072186
t212	TRUE	65.87871283810007
t212	TRUE	28.555510833261593
t212	TRUE	27.773404109625204
t214	TRUE	89.90875212592823
t214	TRUE	71.7067614212289
t214	TRUE	68.87218791463948
t214	TRUE	36.22965961335231
t214	TRUE	9.021386408286332
t215	TRUE	81.20819262811733
t215	TRUE	39.040830916692016
t215	TRUE	10.954298965149974
t215	TRUE	7.184516040580519
t215	TRUE	5.099984191330321
t215	TRUE	1.2692685685774165
t216	TRUE	43.96237845901817
t216	TRUE	39.23991249020601
t217	FALSE	101.69572805540793
t218	TRUE	39.52004218449105
t218	TRUE	15.530965496445532
t218	TRUE	12.86938975624227
t219	TRUE	59.435319945569304
t219	TRUE	20.123048434204833
t219	TRUE	10.091341301817437
t220	TRUE	69.83446431161086
t220	TRUE	49.98404146070973
t220	TRUE	24.791957912795453
t220	TRUE	21.66441154316267
t220	TRUE	18.731996609123556
t221	TRUE	75.23943470514003
t221	TRUE	68.21486574320677
t221	TRUE	66.35159119978033
t221	TRUE	61.95661265801684
t221	TRUE	59.40844976741866
t221	TRUE	41.21578392412522
t221	TRUE	37.911099304760654
t221	TRUE	23.866897481180644
t222	TRUE	42.30136951165311
t222	TRUE	29.051900512669604
t222	TRUE	24.578714209739488
t222	TRUE	19.387035115752738
t222	TRUE	8.587310590912011
t222	TRUE	5.8505367740433485
t223	TRUE	63.399871640192
t223	TRUE	62.132436527223916
t223	TRUE	0.8219015503313756
t224	TRUE	56.400899503138334
t224	TRUE	34.24932402432205
t225	TRUE	46.94928004357186
t225	TRUE	27.71939853632651
t225	TRUE	6.754339472838012
t226	TRUE	56.1134734554408
t226	TRUE	41.5398383142428
t226	TRUE	27.096877564771376
t226	TRUE	6.38248240761871
t227	TRUE	56.007836298673666
t227	TRUE	50.51236190527041
t227	TRUE	31.845647591475398
t227	TRUE	7.065835774162906
t229	TRUE	20.913283111541034
t229	TRUE	4.107816493992317
t230	FALSE	94.46490006131116
t230	FALSE	80.69607315194789
t230	FALSE	76.988012265237
t230	FALSE	58.83740815959135
t230	FALSE	43.88669597325608
t230	FALSE	35.91060267170653
t230	FALSE	17.6804990643259
t231	FALSE	103.58663526281244
t231	FALSE	102.40977838274253
t232	FALSE	79.58321739340562
t234	TRUE	100.9098241166167
t234	TRUE	98.88640974321888
t234	TRUE	61.98095486340998
t234	TRUE	40.232451212780205
t234	TRUE	30.476737600237726
t234	TRUE	29.625182236470778
t234	TRUE	29.35457501646181
t234	TRUE	18.814588711523015
t234	TRUE	14.405527200017389
t234	TRUE	13.181010299761112
t235	TRUE	102.97246375597362
t235	TRUE	93.87808831884806
t235	TRUE	72.70343152798395
t235	TRUE	53.138007155073836
t235	TRUE	42.124840250624374
t235	TRUE	27.777346453923897
t235	TRUE	21.695679507512764
t235	TRUE	14.831722310361442
t235	TRUE	8.89338388656634
t235	TRUE	4.621570385893762
t236	TRUE	90.10978457879881
t236	TRUE	76.6851798760579
t236	TRUE	23.702655040672397
t236	TRUE	10.555306260487413
t237	FALSE	102.6636963206702
t237	FALSE	92.48998234601552
t237	FALSE	91.56185420783098
t237	FALSE	76.20535448830636
t237	FALSE	70.71681846570284
t237	FALSE	62.616351076253366
t237	FALSE	54.34571476358981
t237	FALSE	43.18507259417386
t237	FALSE	38.14948656302006
t238	FALSE	100.76764032877477
t238	FALSE	96.59912005322327
t238	FALSE	94.74625280382385
t238	FALSE	91.8294534578388
t239	FALSE	58.11045634513815
t240	FALSE	68.30955880464043
t240	FALSE	53.6777335968561
t240	FALSE	52.031209385464294
t240	FALSE	38.71517555832337
t242	TRUE	100.86271779348186
t242	TRUE	76.70358136116769
t242	TRUE	70.1104868464848
t242	TRUE	66.60376961163487
t242	TRUE	43.427133456780325
t242	TRUE	39.07326784822992
t242	TRUE	33.48792239930383
t242	TRUE	33.05493090629464
t242	TRUE	29.251658342330515
t242	TRUE	17.345676481275618
t244	FALSE	98.46630596710708
t245	FALSE	98.7740716539916
t246	TRUE	83.6976218806261
t246	TRUE	55.67667309685248
t246	TRUE	53.89042737452883
t246	TRUE	50.14822301945287
t246	TRUE	46.971424925388874
t246	TRUE	41.21292235221911
t246	TRUE	39.298137982483325
t246	TRUE	30.563812122787652
t246	TRUE	17.37229050799769
t247	TRUE	70.2517131478314
t247	TRUE	67.61642476960762
t247	TRUE	62.26993666447444
t247	TRUE	45.10984906496425
t247	TRUE	41.308013773876624
t247	TRUE	30.172465815222992
t247	TRUE	24.233532700509528
t248	FALSE	100.7569357251851
t248	FALSE	83.72943675807971
t248	FALSE	79.87824708124083
t248	FALSE	78.62153639444777
t248	FALSE	63.46650599945232
t248	FALSE	55.105565250626654
t249	FALSE	106.26263390062907
t250	TRUE	93.53877166042592
t250	TRUE	89.02369959967699
t250	TRUE	65.54356922236028
t250	TRUE	22.49403693805803
t250	TRUE	21.985191852779877
t250	TRUE	13.327399707393539
t253	FALSE	99.89170787806994
t254	TRUE	70.28457537763478
t254	TRUE	56.65843284227611
t254	TRUE	51.57114519953535
t254	TRUE	36.472347074393255
t254	TRUE	35.9444573580777
t254	TRUE	32.70353127862566
t254	TRUE	14.390600117268264
t254	TRUE	3.9342681489607685
t255	TRUE	77.41124916276422
t255	TRUE	62.84170919568005
t255	TRUE	52.0247154184766
t255	TRUE	28.072881097950955
t255	TRUE	0.10232418482496541
t256	TRUE	89.40314799469375
t256	TRUE	83.2182009511833
t256	TRUE	68.55636835119151
t256	TRUE	62.757251244247186
t256	TRUE	18.119732225820655
t256	TRUE	10.041028196498985
t256	TRUE	6.850873427370885
t257	TRUE	85.18486038358577
t257	TRUE	56.936026101217806
t257	TRUE	53.3729840102727
t257	TRUE	47.30378542422601
t257	TRUE	39.591666741090904
t257	TRUE	22.345055642240894
t257	TRUE	20.514641405658267
t258	TRUE	81.61164040254124
t258	TRUE	35.32556249589021
t258	TRUE	10.191480320939121
t258	TRUE	7.89869755071129
t259	TRUE	76.10446238467165
t259	TRUE	74.50472279028662
t259	TRUE	63.422542880714616
t260	TRUE	68.47947775005157
t260	TRUE	52.43586902209552
t260	TRUE	52.07087087147863
t260	TRUE	30.134497813612285
t260	TRUE	28.464861910522046
t260	TRUE	23.433301133589026
t260	TRUE	16.87105991087961
t260	TRUE	8.090237361864325
t260	TRUE	7.176983621438637
t261	TRUE	13.91753871261568
t261	TRUE	11.253742233733249
t262	TRUE	40.08061955705071
t262	TRUE	33.37435078829313
t262	TRUE	1.42923568565584
t264	TRUE	45.11746406759663
t264	TRUE	2.53111612508269
t265	TRUE	93.44894792045534
t265	TRUE	90.65322662795961
t265	TRUE	88.67409402830518
t265	TRUE	85.66152469580985
t265	TRUE	76.9472811217419
t265	TRUE	72.66610051831222
t265	TRUE	70.53597066877401
t265	TRUE	65.99674500237481
t265	TRUE	28.397493100461645
t265	TRUE	21.82833065159349
t265	TRUE	15.008446414939897
t265	TRUE	9.62905366810395
t266	FALSE	106.55656788040753
t266	FALSE	100.6033940660661
t266	FALSE	96.00829883952494
t266	FALSE	95.48816236671988
t266	FALSE	89.65095121348034
t267	TRUE	86.41214134094048
t267	TRUE	76.8017656162076
t267	TRUE	50.17205761752032
t268	TRUE	47.71900749390156
t268	TRUE	47.12750698995919
t268	TRUE	45.33260039609999
t268	TRUE	35.506777685109085
t269	TRUE	74.52068939276387
t269	TRUE	65.52011341752275
t269	TRUE	59.68325822578534
t269	TRUE	42.82791624825438
t269	TRUE	28.39050197174963
t270	TRUE	45.86134149699414
t270	TRUE	35.21314181393886
t270	TRUE	18.35243715063811
t271	TRUE	49.099168093008345
t271	TRUE	48.290362851442765
t272	TRUE	40.34573777801327
t272	TRUE	13.570525695841582
t272	TRUE	3.2827787597587417
t273	TRUE	96.4108464175702
t273	TRUE	96.22224751467415
t273	TRUE	74.6070127717106
t273	TRUE	72.58823901106402
t273	TRUE	60.63494854298219
t273	TRUE	52.106571799784746
t273	TRUE	48.96484292081183
t273	TRUE	18.37203146097329
t273	TRUE	15.999871927844254
t273	TRUE	12.60250243131992
t274	TRUE	96.82138115251462
t274	TRUE	66.77838540122278
t274	TRUE	16.474340061834397
t275	TRUE	63.12832731670065
t275	TRUE	15.059932695524395
t276	TRUE	75.97048240762
t276	TRUE	65.52170452710037
t276	TRUE	41.72548211311917
t276	TRUE	36.59200515645968
t277	TRUE	60.813312909632685
t277	TRUE	27.10828532360125
t277	TRUE	21.697738914635067
t277	TRUE	19.638584478642827
t277	TRUE	8.098614177551156
t278	TRUE	50.56452025471343
t278	TRUE	37.61768666839315
t278	TRUE	10.527872870567336
t278	TRUE	9.361431681823802
t278	TRUE	8.82341647185936
t279	TRUE	52.47148123611262
t279	TRUE	41.69238267507902
t279	TRUE	31.966699851648713
t280	TRUE	42.680991013826116
t280	TRUE	10.650752979233602
t282	TRUE	64.33531039251386
t282	TRUE	36.51752875211487
t282	TRUE	14.148385255756239
t282	TRUE	5.5949363682143485
t283	TRUE	37.3198250261251
t283	TRUE	29.69716748680213
t283	TRUE	13.285448202690617
t283	TRUE	0.22630807553841237
t284	TRUE	3.229867896956165
t284	TRUE	2.596497309353907
t286	FALSE	105.71744205945758
t287	TRUE	56.98273480012814
t287	TRUE	9.558964337691918
t288	TRUE	71.46053934549539
t288	TRUE	53.96650368511503
t288	TRUE	51.73019625624143
t288	TRUE	28.34439651771403
t288	TRUE	18.197191569124826
t288	TRUE	9.955484780584925
t289	TRUE	79.56804489712589
t289	TRUE	69.25450765523486
t289	TRUE	28.005899797899758
t289	TRUE	25.66812538705591
t289	TRUE	23.656401336563164
t290	TRUE	38.95071584737872
t290	TRUE	26.52745043479196
t290	TRUE	25.877714334986194
t290	TRUE	25.64130710530935
t290	TRUE	12.228324945083841
t290	TRUE	9.449655451153774
t291	TRUE	60.88771835298641
t291	TRUE	54.1924304736702
t291	TRUE	47.04930081385358
t291	TRUE	18.84600244052345
t291	TRUE	16.64657593294615
t292	TRUE	30.653890882406586
t292	TRUE	26.00980629098808
t293	TRUE	79.280932824285415
t293	TRUE	62.66563322401777
t293	TRUE	56.72941967481941
t293	TRUE	46.46921408930987
t293	TRUE	35.20009823711783
t293	TRUE	6.9227050690971055
t294	TRUE	73.28398674649158
t294	TRUE	59.10721015191808
t294	TRUE	7.298476773107666
t295	TRUE	54.86228994566187
t295	TRUE	45.54852331529543
t295	TRUE	40.23130278575405
t296	TRUE	67.7638716945618
t296	TRUE	52.60350891903313
t296	TRUE	52.58127108727476
t296	TRUE	50.9318551658549
t296	TRUE	36.42174276187178
t297	TRUE	49.11391605164094
t297	TRUE	35.85694803397341
t297	TRUE	35.83496784190021
t297	TRUE	15.855791309282807
t298	TRUE	40.79687887828176
t298	TRUE	13.254262973717857
t298	TRUE	8.027156639076281
t299	TRUE	27.095352282212147
t299	TRUE	24.30362492001153
t299	TRUE	13.11755738353827
t300	FALSE	99.6563707546337
t301	TRUE	101.0368545875936
t301	TRUE	76.28089914808469
t301	TRUE	59.226657038765524
t301	TRUE	56.0252270208467
t301	TRUE	51.55958293028121
t301	TRUE	47.620930194940144
t301	TRUE	3.0424334954452945
t302	TRUE	86.4100740627437
t302	TRUE	83.24133203993878
t302	TRUE	49.81872680110277
t302	TRUE	35.78532724238552
t303	TRUE	92.74192553255241
t303	TRUE	90.9553697875117
t303	TRUE	83.6557709968065
t303	TRUE	80.93942584704176
t303	TRUE	76.72812645557836
t303	TRUE	59.51608264547026
t303	TRUE	33.08838680198801
t303	TRUE	30.39707586912823
t304	FALSE	110.59863207115637
t306	FALSE	106.86142618953096
t306	FALSE	104.77709068170594
t307	FALSE	104.07277384101113
t308	TRUE	64.48577149453688
t308	TRUE	59.082109524487734
t308	TRUE	16.70746431416825
t308	TRUE	4.870631021549855
t310	TRUE	85.25263183419867
t310	TRUE	84.64051244856552
t310	TRUE	74.24547731021181
t310	TRUE	58.127705875523006
t310	TRUE	57.53348505284599
t310	TRUE	42.042605711726225
t310	TRUE	8.676700185839366
t310	TRUE	4.4517891051660285
t311	TRUE	56.06892923062796
t311	TRUE	44.49845065532381
t311	TRUE	39.82923019885433
t311	TRUE	5.209323246067413
t311	TRUE	2.5707649849709355
t312	TRUE	83.9145080294901
t312	TRUE	53.079075150085274
t312	TRUE	0.6709204340279484
t312	TRUE	0.44051383677128797
t312	TRUE	0.048725814467445616
t313	TRUE	80.09270673844027
t313	TRUE	71.94005705642509
t313	TRUE	26.873785522893414
t313	TRUE	17.00175777556035
t315	TRUE	92.4080507769323
t315	TRUE	63.39137485906241
t315	TRUE	57.84206774102091
t316	TRUE	57.12399237604147
t316	TRUE	26.71357919444995
t316	TRUE	10.574610988348041
t317	TRUE	48.90202654951001
t317	TRUE	31.800446694494696
t317	TRUE	20.23697825871548
t318	TRUE	62.69025568042825
t318	TRUE	58.17418582861255
t318	TRUE	57.32193421377772
t318	TRUE	55.96275051861042
t318	TRUE	37.25167613365859
t318	TRUE	28.67600737960491
t320	TRUE	45.746717129154945
t320	TRUE	17.109692474564383
t320	TRUE	2.590885094013032
t321	TRUE	100.1531023859674
t321	TRUE	87.02859305326584
t321	TRUE	79.26349380179927
t321	TRUE	36.610613366647684
t322	TRUE	90.03613015078089
t322	TRUE	87.7529898139135
t322	TRUE	63.288497352178254
t322	TRUE	51.58151614027754
t322	TRUE	35.916183313036456
t322	TRUE	30.27972271820356
t322	TRUE	17.880028413290276
t322	TRUE	13.92345499401739
t323	TRUE	85.06029538462985
t323	TRUE	63.07139586394037
t323	TRUE	57.35879351121689
t323	TRUE	56.89745348614956
t323	TRUE	52.00381250788773
t323	TRUE	45.22341292396085
t323	TRUE	30.704437178914475
t323	TRUE	1.3287887938184042
t324	TRUE	79.55008963462245
t325	TRUE	57.02753331004189
t325	TRUE	37.55721548148178
t325	TRUE	21.939252928879682
t325	TRUE	21.236688603696052
t325	TRUE	5.000126811605639
t326	FALSE	94.34031147182999
t328	FALSE	100.05201902395453
t328	FALSE	95.25567158556603
t328	FALSE	82.98940986826145
t328	FALSE	62.42730446675121
t328	FALSE	55.02197957181632
t329	TRUE	98.09798727239534
t329	TRUE	18.344362367970177
t329	TRUE	5.904492651206681
t329	TRUE	5.715262041521498
t330	TRUE	91.13785004524459
t330	TRUE	87.1835618401127
t330	TRUE	52.383406231946964
t330	TRUE	29.58512032006479
t330	TRUE	16.759105888871318
t330	TRUE	5.162551659835344
t331	TRUE	56.887264159241255
t332	TRUE	15.242598078184642
t332	TRUE	9.03124638671079
t332	TRUE	2.1528709104845802
t333	TRUE	73.56344306316257
t333	TRUE	71.99974613318591
t333	TRUE	50.282576830579075
t333	TRUE	25.99759269728162
t333	TRUE	20.16231143218937
t334	TRUE	59.835527525107736
t334	TRUE	35.01705101201628
t334	TRUE	11.863445346844884
t335	TRUE	42.95199161038231
t335	TRUE	4.069520289049365
t336	FALSE	106.95110966484889
t337	FALSE	108.98182929720556
t337	FALSE	98.0851079080609
t337	FALSE	79.888121405002
t338	TRUE	81.05778047414098
t338	TRUE	40.14835720648989
t339	TRUE	85.03858930110673
t339	TRUE	71.80083874292413
t339	TRUE	71.22541499003509
t339	TRUE	60.773780594167505
t339	TRUE	59.23852847568432
t339	TRUE	58.53161451086143
t339	TRUE	48.345012745407615
t339	TRUE	45.042693770078216
t340	TRUE	86.71606432802565
t340	TRUE	70.00880148501857
t340	TRUE	26.308673178110425
t341	TRUE	67.32550440333193
t341	TRUE	53.557438011983095
t341	TRUE	39.145742473880446
t341	TRUE	18.883629580453274
t341	TRUE	14.546527480200155
t342	TRUE	51.80402330923317
t342	TRUE	41.84493003282188
t342	TRUE	32.56501856129108
t342	TRUE	17.069930798031947
t342	TRUE	8.48733920662906
t344	TRUE	6.313620435502457
t346	FALSE	106.88476694994776
t346	FALSE	102.97322219484656
t348	TRUE	88.54066012823615
t348	TRUE	85.94396575750444
t348	TRUE	80.71568818050572
t348	TRUE	72.02001925776848
t348	TRUE	54.53556621750221
t348	TRUE	38.47746354130419
t348	TRUE	26.100114524116236
t348	TRUE	4.797975659962361
t349	TRUE	91.09249233634264
t349	TRUE	65.95487890283829
t349	TRUE	47.87232953787503
t349	TRUE	5.684690624320353
t350	TRUE	43.36566413530541
t350	TRUE	34.93362789751423
t350	TRUE	31.648552536605123
t350	TRUE	2.564541929791204
t351	TRUE	55.49429514139152
t351	TRUE	54.41882857746637
t351	TRUE	51.95487307771296
t351	TRUE	47.15113620660455
t351	TRUE	20.544663141532
t352	TRUE	68.7957886288035
t352	TRUE	59.69545906019391
t352	TRUE	44.870357175089495
t352	TRUE	11.739338672269469
t352	TRUE	10.738410360975564
t352	TRUE	0.6577413881704217
t353	TRUE	15.784604911662086
t353	TRUE	6.031777913651808
t354	TRUE	47.80968747726834
t354	TRUE	25.993530580414642
t355	TRUE	46.83476421624681
t355	TRUE	45.73685058426226
t355	TRUE	9.342408005302303
t356	TRUE	44.67968358817703
t356	TRUE	40.676265688889245
t356	TRUE	11.165969070141045
t357	TRUE	34.451065890067795
t358	TRUE	20.86709945003217
t359	TRUE	26.90837704170346
t360	TRUE	13.671881297175332
t360	TRUE	9.085608098228022
t361	TRUE	15.682066465811317
t361	TRUE	13.434719437388878
t363	TRUE	6.7833229117928795
t366	TRUE	95.15400689287414
t366	TRUE	91.88275968989134
t366	TRUE	87.81061806117893
t366	TRUE	82.5358056030959
t366	TRUE	46.49044831784619
t367	FALSE	99.27053907026311
t367	FALSE	90.94692505496465
t367	FALSE	89.93452076400541
t368	FALSE	103.91456097200081
t368	FALSE	100.34586325729046
t369	TRUE	61.0814131838501
t369	TRUE	37.17823368071299
t369	TRUE	10.649367316001218
t370	TRUE	101.14528021105268
t370	TRUE	75.82276407974675
t370	TRUE	73.0101872717808
t370	TRUE	72.56739262764461
t370	TRUE	57.041232242113324
t370	TRUE	45.98373010834155
t372	TRUE	84.2362709141642
t372	TRUE	80.52925981813979
t372	TRUE	75.76472970889819
t372	TRUE	61.686794167644024
t372	TRUE	30.431531898754585
t372	TRUE	28.642417486717534
t372	TRUE	23.575937422208668
t373	TRUE	94.43780992153933
t373	TRUE	49.307884279257124
t373	TRUE	44.63282532393045
t373	TRUE	39.70363178624815
t373	TRUE	33.68593586943156
t373	TRUE	12.01359656126482
t373	TRUE	4.743187692475146
t374	TRUE	97.42271618286014
t374	TRUE	94.83501464428247
t374	TRUE	87.69778936402054
t374	TRUE	16.99464995134798
t374	TRUE	16.04795303951917
t374	TRUE	6.475500639639478
t375	TRUE	44.36091294978472
t375	TRUE	28.435084098865474
t375	TRUE	25.41512189051994
t375	TRUE	16.05158158196994
t375	TRUE	2.149435217258599
t376	TRUE	54.89546278915927
t376	TRUE	51.3030012925677
t376	TRUE	36.70137231058594
t376	TRUE	31.784612152792178
t377	TRUE	46.40139079270732
t377	TRUE	45.539588579813355
t377	TRUE	44.577415192286324
t377	TRUE	39.50543454640622
t377	TRUE	9.338206185466447
t378	TRUE	100.75561966536647
t378	TRUE	62.28072576049733
t378	TRUE	55.661113858725145
t378	TRUE	38.89660422879963
t378	TRUE	25.44050506505876
t378	TRUE	25.115612090716823
t378	TRUE	20.619086723462644
t379	TRUE	75.68619589236944
t379	TRUE	41.023136443363825
t379	TRUE	30.16433878885428
t379	TRUE	15.020238722410028
t380	TRUE	81.06480778957896
t380	TRUE	51.63791047408823
t380	TRUE	45.579115418922896
t380	TRUE	45.49465933486488
t380	TRUE	39.68441774740484
t380	TRUE	25.826479407471084
t380	TRUE	7.044549703019271
t381	TRUE	81.72238726973814
t381	TRUE	62.40445163989919
t381	TRUE	60.77449042307693
t381	TRUE	15.307616817067924
t381	TRUE	4.649333499606314
t382	TRUE	63.75840196088464
t382	TRUE	46.785676898189536
t382	TRUE	38.244865825154534
t382	TRUE	32.29583332903148
t382	TRUE	27.381528770843758
t383	TRUE	78.38976431256468
t383	TRUE	76.22178579699602
t383	TRUE	51.23883632114709
t383	TRUE	24.322496645160072
t383	TRUE	23.146987317137473
t383	TRUE	11.834104072310083
t383	TRUE	2.5997104793862036
t384	TRUE	8.103014230273544
t385	TRUE	26.60019626549898
t386	TRUE	24.21105643097185
t387	TRUE	26.669527335464835
t389	TRUE	14.066475100677224
t389	TRUE	6.049122746895762
t393	TRUE	86.79911862920255
t393	TRUE	70.2797302784533
t393	TRUE	70.0396407422787
t393	TRUE	46.051343142819775
t394	TRUE	54.04849291145234
t394	TRUE	42.50118858478396
t394	TRUE	39.3307902414295
t394	TRUE	26.598145610833456
t395	TRUE	25.814926302990116
t395	TRUE	17.685239533892073
t396	TRUE	56.39881983540597
t396	TRUE	48.5219171377981
t396	TRUE	40.76935488562616
t396	TRUE	37.223627081412786
t396	TRUE	8.616909708720925
t397	TRUE	42.71091832979462
t397	TRUE	42.29051760597966
t397	TRUE	23.289910139054328
t397	TRUE	10.344133007809774
t397	TRUE	4.791992482636346
t398	TRUE	14.00547495034158
t398	TRUE	6.990324975146052
t399	TRUE	22.264911734370926
t399	TRUE	3.9484082886619376
t400	TRUE	16.091701627580846
t400	TRUE	8.920055061138498
t403	FALSE	109.44286420785298
t404	TRUE	85.46218555946571
t404	TRUE	63.18681957810122
t404	TRUE	57.24310229211051
t404	TRUE	52.4661791478743
t404	TRUE	43.66575269638497
t404	TRUE	14.008939963163442
t405	TRUE	100.91797172101954
t405	TRUE	81.77761650391312
t405	TRUE	76.47713245571049
t405	TRUE	52.70268900151021
t405	TRUE	30.096443406388573
t405	TRUE	18.807605438948087
t405	TRUE	11.88601360739375
t406	TRUE	66.25982133971993
t406	TRUE	61.73115331048612
t406	TRUE	61.692289815493865
t406	TRUE	46.09475646864355
t406	TRUE	12.908225061854665
t407	TRUE	87.20614066592343
t407	TRUE	72.87917219431264
t407	TRUE	72.07348810771845
t407	TRUE	64.73073017067131
t407	TRUE	57.38784332824706
t407	TRUE	51.434319206232416
t407	TRUE	32.10193500071799
t407	TRUE	26.205330250412572
t407	TRUE	24.173162040859808
t407	TRUE	6.342907624787188
t408	FALSE	107.02332913605989
t408	FALSE	85.9877603109995
t408	FALSE	84.44315973609679
t408	FALSE	80.77050955906503
t409	FALSE	105.88850343795986
t409	FALSE	90.32211062134246
t409	FALSE	87.36038731046955
t409	FALSE	66.16912448498621
t410	TRUE	16.252411964831992
t411	FALSE	103.43116847882538
t412	FALSE	104.86836193200907
t412	FALSE	100.81829516921263
t412	FALSE	93.58074705820601
t412	FALSE	93.41208681237023
t414	TRUE	57.847118325442835
t414	TRUE	35.456916880188956
t414	TRUE	22.202855808986797
t414	TRUE	13.691009790031671
t415	TRUE	81.66753885789161
t415	TRUE	77.87735623760467
t415	TRUE	53.18718291424733
t415	TRUE	51.82542926237505
t415	TRUE	32.685160209202905
t415	TRUE	27.284352426195284
t415	TRUE	21.085722605475922
t416	TRUE	76.91779894317918
t416	TRUE	61.00342753922253
t416	TRUE	23.8193151610636
t416	TRUE	8.812599581082736
t417	TRUE	44.61019707910144
t417	TRUE	30.731212814912197
t417	TRUE	10.649296308418855
t418	TRUE	43.46909252103876
t418	TRUE	40.89340473114376
t418	TRUE	32.453793190036464
t418	TRUE	28.137251935516048
t420	TRUE	86.95077098644823
t420	TRUE	67.88874635295696
t420	TRUE	67.47578725972897
t420	TRUE	60.95444048577673
t420	TRUE	42.17649499792559
t420	TRUE	31.95096319448156
t420	TRUE	30.663748336024113
t420	TRUE	26.309243719093033
t420	TRUE	13.573598786256753
t421	TRUE	34.342003397474116
t422	FALSE	109.0659737858864
t422	FALSE	98.99661058484935
t422	FALSE	81.08066476890443
t422	FALSE	72.97867936588267
t422	FALSE	61.15691666997412
t422	FALSE	60.52796597074929
t423	TRUE	95.76492617314322
t423	TRUE	88.53474948031469
t423	TRUE	70.96859014672702
t423	TRUE	54.860590480075004
t423	TRUE	52.30759547817779
t423	TRUE	25.45860785869408
t423	TRUE	0.16029408164047254
t424	TRUE	71.49254947065481
t424	TRUE	64.47194728165039
t424	TRUE	63.64851727849597
t424	TRUE	47.49787073434324
t424	TRUE	38.895116903269596
t424	TRUE	30.109292937824435
t424	TRUE	5.3162758128614485
t425	TRUE	94.60509939361444
t425	TRUE	75.32289433619218
t425	TRUE	44.73696971963744
t425	TRUE	21.636907894069708
t425	TRUE	1.3152277474427478
t426	TRUE	88.14546921468926
t426	TRUE	66.89631408890719
t426	TRUE	17.139549880667147
t426	TRUE	11.144210187905514
t426	TRUE	9.741540714349128
t427	TRUE	78.24561953186455
t427	TRUE	76.25171329212463
t427	TRUE	36.93856436313618
t427	TRUE	33.44234056325186
t428	FALSE	94.58852190515753
t428	FALSE	92.90475203647074
t428	FALSE	84.25006297408399
t428	FALSE	80.80723176701721
t429	TRUE	74.27201583950671
t429	TRUE	50.051644389118024
t430	TRUE	89.00818370494014
t430	TRUE	77.72603502708441
t430	TRUE	11.089764298757586
t430	TRUE	4.289066815635238
t430	TRUE	4.128321587656529
t431	FALSE	98.17630756407803
t431	FALSE	97.51691015198654
t432	TRUE	77.18540613102668
t432	TRUE	39.35583994455044
t432	TRUE	30.559712142789408
t433	TRUE	80.35161486630254
t433	TRUE	69.06884278905504
t433	TRUE	19.014116898733775
t434	TRUE	42.34873257225024
t434	TRUE	6.257873436455128
t435	TRUE	51.18427865937548
t435	TRUE	34.43694910848909
t435	TRUE	22.636477769114308
t435	TRUE	4.448617785018456
t436	TRUE	41.42811968029271
t437	TRUE	64.04078560469277
t437	TRUE	60.84338780067944
t437	TRUE	42.22455339165687
t437	TRUE	36.82724342340886
t437	TRUE	24.051606446824067
t437	TRUE	21.77637371585682
t437	TRUE	10.960433749875165
t438	TRUE	56.28692478460795
t438	TRUE	44.79886225012666
t438	TRUE	40.15635716316825
t438	TRUE	15.735727033091592
t439	TRUE	25.350597617711344
t439	TRUE	24.896139582182684
t440	TRUE	41.70050513032396
t440	TRUE	29.75273611057122
t440	TRUE	23.068233067500785
t440	TRUE	21.65030711628303
t441	TRUE	90.14609838304624
t441	TRUE	79.66916801807984
t441	TRUE	51.249009581375674
t441	TRUE	33.44299878164384
t441	TRUE	11.802888356832938
t442	TRUE	71.59703272878906
t442	TRUE	56.388280636372386
t442	TRUE	42.004379875608265
t442	TRUE	32.878650122903764
t442	TRUE	8.84619216856234
t443	TRUE	60.640915609989136
t443	TRUE	57.674808722082346
t443	TRUE	13.889255932351773
t444	FALSE	104.56901955573227
t445	FALSE	79.43626893505558
t445	FALSE	69.57188715048238
t445	FALSE	39.04353835930716
t446	TRUE	94.78353646987796
t446	TRUE	65.53231575134396
t446	TRUE	60.77217147058727
t446	TRUE	35.05620835737443
t446	TRUE	32.062103002726985
t447	TRUE	70.65288160832904
t447	TRUE	42.100256095442504
t447	TRUE	27.52318389282108
t447	TRUE	25.809531477620013
t447	TRUE	0.9958984947458589
t448	TRUE	76.83907797847048
t448	TRUE	57.4598289559477
t448	TRUE	43.819443667202535
t448	TRUE	28.78002367055923
t448	TRUE	22.271137713258568
t448	TRUE	19.856402092417184
t448	TRUE	17.59523611836414
t448	TRUE	16.41033765249233
t448	TRUE	6.77101142093818
t450	TRUE	54.053759834144586
t450	TRUE	32.316176499495725
t450	TRUE	28.772556482339553
t450	TRUE	23.554484088121498
t450	TRUE	20.12413500463437
t451	TRUE	24.943861768569604
t453	TRUE	75.3697194268108
t453	TRUE	53.134094904713095
t453	TRUE	37.525010106780186
t453	TRUE	25.02887844822611
t454	TRUE	80.41963798619068
t454	TRUE	69.68703317149735
t454	TRUE	59.71383494950092
t454	TRUE	56.03622972659028
t454	TRUE	43.75079706936336
t454	TRUE	18.09601398894023
t454	TRUE	17.378742081033963
t455	TRUE	98.52765575126739
t455	TRUE	65.71483113872897
t455	TRUE	8.338115379663634
t455	TRUE	3.144572122471857
t456	TRUE	75.76542549361943
t457	TRUE	55.91131181177519
t457	TRUE	53.119092609090785
t457	TRUE	12.654858593935444
t457	TRUE	8.873547361338808
t457	TRUE	3.426376133332326
t457	TRUE	3.0760574424169533
t458	TRUE	63.67372154430856
t458	TRUE	60.90182796021948
t458	TRUE	32.780371811742356
t458	TRUE	23.124285084370428
t458	TRUE	21.229658998641327
t458	TRUE	15.030438793915465
t461	TRUE	66.09683529389471
t461	TRUE	37.81435644342608
t461	TRUE	21.323610677336575
t461	TRUE	15.490025005256058
t461	TRUE	13.021018079434754
t462	TRUE	96.17567339265986
t462	TRUE	70.95969180945772
t462	TRUE	32.00170009934277
t462	TRUE	15.365315169721299
t462	TRUE	13.531730771723602
t462	TRUE	3.4280846460791565
t463	TRUE	71.78246388332036
t463	TRUE	45.90750122647049
t463	TRUE	22.406765262684587
t463	TRUE	6.070667800736686
t464	TRUE	99.20038816812668
t464	TRUE	86.88417506426147
t464	TRUE	75.20038866459898
t464	TRUE	61.67500258445314
t464	TRUE	55.23630737348965
t464	TRUE	52.57970688886515
t464	TRUE	36.14931228218333
t464	TRUE	25.705959271841806
t464	TRUE	17.05480099303381
t464	TRUE	8.67176003401832
t465	TRUE	50.19742442743957
t465	TRUE	12.576160865486969
t465	TRUE	12.271738086478223
t465	TRUE	4.790700624348034
t466	FALSE	95.96529103504832
t466	FALSE	93.77754677118003
t467	TRUE	58.54536103839169
t467	TRUE	47.13589648539315
t468	TRUE	77.53701441257012
t468	TRUE	68.37896685463483
t468	TRUE	39.304748373020274
t469	TRUE	35.78495284468748
t469	TRUE	24.182236832429382
t470	TRUE	44.361046718715045
t470	TRUE	33.87697103275201
t470	TRUE	25.55646860813937
t471	TRUE	59.002294724482255
t472	TRUE	69.72422248979805
t472	TRUE	52.988968467414125
t472	TRUE	52.768144938403665
t472	TRUE	14.479926114028501
t473	FALSE	82.44098677318834
t474	TRUE	22.38498635013744
t474	TRUE	6.3701450402977
t475	TRUE	17.432378934520926
t475	TRUE	7.068491976633368
t476	TRUE	19.634897407145914
t476	TRUE	12.95225289334607
t477	TRUE	11.77598818879298
t477	TRUE	1.0604651805358287
t478	TRUE	95.18446500598299
t478	TRUE	87.07682628369736
t478	TRUE	67.02675742603309
t478	TRUE	51.01449001239283
t478	TRUE	49.50754949023343
t478	TRUE	40.68128381056107
t478	TRUE	5.85740298332442
t479	TRUE	88.13458904343503
t479	TRUE	59.079152717061916
t479	TRUE	41.087689771963994
t479	TRUE	38.159287672336305
t479	TRUE	32.846058763410056
t479	TRUE	29.583057544971908
t479	TRUE	0.223372699356986
t480	TRUE	55.102317561157946
t480	TRUE	50.75038612330795
t480	TRUE	2.5891842827263645
t480	TRUE	2.5806311622588964
t481	TRUE	54.693145513184604
t481	TRUE	51.34686938039121
t481	TRUE	45.04668315424678
t481	TRUE	40.99353858473283
t481	TRUE	35.72045959735793
t481	TRUE	19.969631119712773
t481	TRUE	19.09463295892779
t481	TRUE	18.766703281486073
t482	TRUE	18.05924661953543
t482	TRUE	8.507477795077307
t483	TRUE	21.373665430667657
t483	TRUE	9.872346059503798
t484	TRUE	71.43341980560471
t484	TRUE	62.85585342767372
t485	TRUE	93.13690317540419
t485	TRUE	67.87293111735212
t485	TRUE	54.37288055026161
t485	TRUE	7.996886746856518
t486	TRUE	87.82785565009571
t486	TRUE	32.32963234870792
t486	TRUE	20.34213488317667
t486	TRUE	20.247924441405928
t486	TRUE	18.495651713558345
t486	TRUE	2.2390068209608955
t487	TRUE	84.73866665153064
t487	TRUE	54.443649999375225
t487	TRUE	29.45021360781871
t487	TRUE	15.954328250558007
t487	TRUE	15.931052115232575
t488	TRUE	21.799243027939568
t489	TRUE	59.673200781863244
t489	TRUE	26.81434558489832
t489	TRUE	11.599621398930623
t490	TRUE	30.355676141833797
t490	TRUE	7.907503801734663
t491	TRUE	8.94502713404512
t492	TRUE	0.8035453857310131
t494	TRUE	7.124086736780356
t495	TRUE	0.2562224558412538
t497	TRUE	50.136869626864964
t497	TRUE	34.3692885296669
t498	TRUE	71.09798374386838
t498	TRUE	63.0239676198583
t498	TRUE	59.18167209985069
t498	TRUE	8.886270402530215
t499	TRUE	57.9192025952574
t499	TRUE	19.082451065481024
t499	TRUE	17.334400884285884
t500	FALSE	102.40173023585942
t501	TRUE	82.43227145286372
t501	TRUE	55.285071197117816
t501	TRUE	54.07180331696553
t501	TRUE	45.22112344748156
t501	TRUE	35.69313209860401
t501	TRUE	33.19511659438305
t501	TRUE	29.219170752862027
t502	FALSE	81.60052700012244
t502	FALSE	78.93584188498352
t502	FALSE	63.443566994238594
t503	TRUE	73.35690630198717
t503	TRUE	55.425290536689516
t503	TRUE	26.562322749196753
t503	TRUE	5.048850706193377
t503	TRUE	2.778527453887989
t503	TRUE	0.25987089273684205
t504	TRUE	75.5686063975773
t504	TRUE	39.75339195903112
t504	TRUE	3.64013209387781
t505	TRUE	79.29585419639267
t505	TRUE	73.02834119691767
t505	TRUE	50.27969010302317
t505	TRUE	34.199589567516924
t505	TRUE	12.697091254572513
t505	TRUE	9.51761177890856
t505	TRUE	4.552655955546953
t508	TRUE	89.805566055807
t508	TRUE	77.96047588075949
t508	TRUE	18.686242751519444
t508	TRUE	17.86614144753969
t508	TRUE	16.966001115531782
t509	TRUE	67.177748523237
t509	TRUE	42.88051071805501
t509	TRUE	20.6145670231452
t510	TRUE	54.788935239743026
t510	TRUE	38.55000864708755
t510	TRUE	38.42401796946261
t510	TRUE	37.60718175861173
t510	TRUE	24.41145603264802
t510	TRUE	10.835920029311694
t510	TRUE	6.735814322709359
t510	TRUE	2.8529644013825646
t510	TRUE	0.013537927050123244
t511	TRUE	98.31850927496072
t511	TRUE	95.03648216077801
t511	TRUE	94.79584430517372
t511	TRUE	91.18696090006944
t511	TRUE	69.99061311421703
t511	TRUE	31.44372345659687
t511	TRUE	9.982609207313544
t512	TRUE	98.03212946443267
t512	TRUE	81.14424608894272
t512	TRUE	45.289241899224464
t512	TRUE	40.79119465728337
t512	TRUE	7.9728804580256565
t513	TRUE	83.89331917999654
t513	TRUE	29.734480902971782
t513	TRUE	0.050153836308311384
t514	TRUE	66.47124831438606
t514	TRUE	44.6446753754727
t514	TRUE	39.001783266732176
t514	TRUE	32.481800787219484
t514	TRUE	31.378528245909962
t514	TRUE	24.24487420655683
t515	TRUE	15.075081393359568
t515	TRUE	11.387832546788388
t516	TRUE	90.20317349536134
t516	TRUE	85.08707208752283
t516	TRUE	48.69840475160677
t516	TRUE	0.24574099722033793
t517	TRUE	24.817149393838065
t517	TRUE	12.602011269536035
t518	TRUE	46.31311907034184
t518	TRUE	23.992449945416467
t518	TRUE	16.736491943355816
t518	TRUE	10.846314799618142
t519	TRUE	68.8429403900297
t519	TRUE	55.298026077369
t519	TRUE	50.9615269153507
t519	TRUE	50.755899365911034
t519	TRUE	36.473766327664165
t519	TRUE	33.61205435806504
t519	TRUE	31.72588363738349
t519	TRUE	18.038265411570578
t519	TRUE	12.327122719787582
t520	TRUE	92.96836258198391
t520	TRUE	87.54292555439542
t520	TRUE	82.78668163630437
t520	TRUE	82.31602565671574
t520	TRUE	41.13723193749509
t520	TRUE	27.936731162366485
t520	TRUE	18.89920941076896
t521	TRUE	99.5014070282035
t521	TRUE	92.97753316632439
t521	TRUE	78.63226752004742
t521	TRUE	66.56061554535448
t521	TRUE	58.98334568195192
t521	TRUE	48.589187309296406
t521	TRUE	45.77689125147711
t521	TRUE	37.17658665907632
t522	TRUE	82.84704263109768
t522	TRUE	67.16697680635632
t522	TRUE	65.9472957520026
t522	TRUE	65.93306195793927
t522	TRUE	18.047373036435317
t522	TRUE	16.753594235098433
t523	TRUE	68.35205272685158
t523	TRUE	65.18553664821553
t523	TRUE	51.711939181269884
t523	TRUE	44.85130106599057
t523	TRUE	37.82296289079501
t523	TRUE	18.34807578879287
t523	TRUE	4.7843386925279106
t524	TRUE	76.86439500557857
t524	TRUE	75.11603669630962
t524	TRUE	69.87887213014027
t524	TRUE	20.883275626959275
t525	TRUE	1.4925381705931784
t526	TRUE	37.43591457179467
t526	TRUE	1.9644638125144525
t528	TRUE	7.371237752243246
t529	TRUE	27.206219354019666
t530	TRUE	0.2153048718077457
t532	TRUE	64.78773797965167
t532	TRUE	24.345387325537885
t532	TRUE	1.5697988437597417
t533	TRUE	86.60156321422224
t533	TRUE	68.72067906688194
t533	TRUE	67.39792927894037
t533	TRUE	64.25816718416016
t533	TRUE	30.168388598618435
t533	TRUE	15.829864611777936
t533	TRUE	12.550590161068783
t534	TRUE	34.88271921369872
t534	TRUE	14.292152743319832
t534	TRUE	10.548364985486756
t534	TRUE	3.2718927131353723
t535	TRUE	65.51443919050216
t535	TRUE	58.75028553798755
t535	TRUE	42.786029982363544
t536	TRUE	62.809340933477884
t536	TRUE	53.151704806974536
t536	TRUE	36.411184006419546
t536	TRUE	21.300799502017625
t537	TRUE	69.68737507678263
t537	TRUE	43.394729686546015
t538	TRUE	60.021837299587474
t538	TRUE	57.41047139850596
t538	TRUE	42.14024340958264
t538	TRUE	5.339440922834342
t539	TRUE	91.91477706079857
t539	TRUE	86.51969299826882
t539	TRUE	71.13311353398797
t539	TRUE	69.40145893345934
t539	TRUE	38.67518814772181
t539	TRUE	23.861018797311942
t539	TRUE	16.527570240128796
t540	TRUE	90.11959506530599
t540	TRUE	41.23854889974274
t540	TRUE	32.02901171133014
t540	TRUE	21.815853587871374
t541	TRUE	66.38189474283625
t541	TRUE	65.86420492229914
t541	TRUE	62.98469216472772
t541	TRUE	57.8998331064668
t541	TRUE	38.44069226638916
t541	TRUE	12.209903421660442
t542	TRUE	77.31100912049736
t542	TRUE	77.17033936485971
t542	TRUE	53.47470928842725
t542	TRUE	37.581267664327996
t542	TRUE	5.690686461553582
t543	TRUE	59.006152252593054
t543	TRUE	30.425741960038664
t543	TRUE	8.29905495944189
t545	FALSE	84.69271887081598
t546	TRUE	16.37573924093519
t546	TRUE	14.33060850194667
t547	TRUE	67.36213898413018
t547	TRUE	22.52121502912405
t547	TRUE	20.26905940293136
t548	TRUE	64.90551654017304
t548	TRUE	52.965177490848646
t548	TRUE	52.884054284084186
t548	TRUE	45.465434461373434
t548	TRUE	44.88503530389403
t548	TRUE	4.076079313172187
t548	TRUE	1.80330419257578
t549	TRUE	38.07573246556768
t549	TRUE	18.102482658454036
t550	TRUE	19.045254619435212
t550	TRUE	12.101345460653818
t550	TRUE	9.7466867118074
t551	TRUE	3.5905996100221955
t552	TRUE	15.257327094317219
t552	TRUE	6.8694969859130595
t554	TRUE	96.06507892313485
t554	TRUE	92.01142928156142
t554	TRUE	84.46646373119641
t554	TRUE	80.81493150774826
t554	TRUE	80.62727799971093
t554	TRUE	69.10849912868046
t554	TRUE	46.25983008112192
t554	TRUE	45.66411467197716
t554	TRUE	36.13119289207637
t555	TRUE	77.41445796650255
t555	TRUE	66.78142724644745
t555	TRUE	59.97422439132238
t555	TRUE	19.827193629674667
t555	TRUE	9.912699938498491
t556	TRUE	63.31486824054622
t556	TRUE	40.60749356804965
t556	TRUE	31.224863667831002
t556	TRUE	11.484428337346685
t556	TRUE	7.985397084187639
t557	TRUE	32.55429988056076
t557	TRUE	24.19412692272155
t558	TRUE	69.08508181573976
t558	TRUE	62.15158528650332
t558	TRUE	61.07970214217414
t558	TRUE	52.946863544652956
t558	TRUE	17.484421608693225
t558	TRUE	2.1840933314319386
t559	TRUE	61.40011654997873
t559	TRUE	57.154255554253936
t559	TRUE	21.016740659243453
t559	TRUE	11.218090718603719
t560	TRUE	61.088648034940434
t560	TRUE	50.0184491699398
t560	TRUE	40.65018006529736
t560	TRUE	30.267272474602137
t561	TRUE	53.508723543195075
t561	TRUE	31.97916339904458
t562	TRUE	82.9533817882031
t562	TRUE	35.81336773088202
t562	TRUE	33.0157665172033
t562	TRUE	22.721166946869346
t562	TRUE	19.967812812831255
t562	TRUE	14.89520605741069
t562	TRUE	0.6670333858452011
t563	TRUE	93.46559330788435
t563	TRUE	52.29774080352318
t563	TRUE	19.848395998830426
t563	TRUE	6.367912854308713
t563	TRUE	4.970015187988508
t563	TRUE	0.928677332828272
t564	TRUE	72.64722378375049
t564	TRUE	33.5072095095224
t564	TRUE	27.490322604686696
t564	TRUE	6.291455046093887
t565	TRUE	83.27262747615859
t565	TRUE	62.679327443638044
t565	TRUE	57.965122383483845
t565	TRUE	41.57702000562783
t565	TRUE	36.36792039655478
t565	TRUE	28.32156289525659
t565	TRUE	24.851709037724447
t565	TRUE	13.730592319447112
t565	TRUE	7.720524087504799
t566	TRUE	76.83968044520572
t566	TRUE	75.42803082730707
t566	TRUE	71.57386024598118
t566	TRUE	61.456975174360835
t566	TRUE	51.03325948234733
t566	TRUE	41.4097876392686
t566	TRUE	21.220814243092263
t566	TRUE	13.728965625692325
t566	TRUE	13.432643490437584
t566	TRUE	9.566608595637007
t567	TRUE	76.89037644113282
t567	TRUE	52.151374210464496
t567	TRUE	22.540860637634495
t567	TRUE	13.344935155985183
t568	TRUE	7.464156624147961
t569	TRUE	57.482741342668206
t569	TRUE	14.801020113414324
t570	TRUE	63.05313130789334
t570	TRUE	61.02906016581589
t571	TRUE	43.66351255073093
t571	TRUE	2.109119491905915
t573	TRUE	45.34962153785774
t573	TRUE	45.019830025517436
t573	TRUE	43.222615083464476
t573	TRUE	26.868236864610765
t574	TRUE	36.70251221188258
t574	TRUE	24.415429241740213
t574	TRUE	18.8919387364472
t575	TRUE	46.44516300877886
t575	TRUE	10.18907577435283
t576	TRUE	85.15129257691187
t576	TRUE	63.02480499110479
t576	TRUE	46.459173163690224
t576	TRUE	8.028540328253882
t576	TRUE	6.224071467628477
t577	TRUE	69.55240641153378
t577	TRUE	65.62160839690787
t577	TRUE	57.57306103958709
t577	TRUE	48.94512511222584
t577	TRUE	26.635251487429912
t577	TRUE	9.643410291256231
t578	TRUE	47.79864894825029
t578	TRUE	44.18903103697109
t578	TRUE	25.8808677768466
t578	TRUE	20.83883211223754
t578	TRUE	0.4500011790894405
t579	TRUE	15.295376896230437
t580	TRUE	54.044994134641456
t580	TRUE	50.63441436608244
t580	TRUE	16.445783328473283
t580	TRUE	11.80486504055753
t580	TRUE	9.334164234550741
t580	TRUE	5.584060384367206
t581	TRUE	89.21875677543875
t581	TRUE	86.63436358456482
t581	TRUE	81.8031458037175
t581	TRUE	60.31148729279178
t581	TRUE	17.298549131137776
t581	TRUE	2.739882802147065
t582	TRUE	25.2281615933216
t582	TRUE	22.003469123904964
t582	TRUE	2.4703624028074955
t583	TRUE	25.31437662465487
t583	TRUE	8.335978360041821
t583	TRUE	0.9149627100078703
t584	TRUE	5.787598151976255
t585	TRUE	45.38021832904529
t585	TRUE	42.69840697957885
t585	TRUE	39.32112604579639
t585	TRUE	22.788881011233187
t586	TRUE	83.20587667427185
t586	TRUE	65.51471606702903
t586	TRUE	53.23977922895351
t586	TRUE	34.292813259694725
t586	TRUE	28.948212172422558
t586	TRUE	16.463701426569372
t587	TRUE	89.14407161647549
t587	TRUE	65.75064357105936
t587	TRUE	45.03298186687324
t588	TRUE	83.96174523007979
t588	TRUE	66.94635865322437
t588	TRUE	59.3271901369759
t588	TRUE	29.535102064442043
t588	TRUE	1.0028719571460556
t590	TRUE	96.14751858111369
t590	TRUE	43.684712813296656
t590	TRUE	40.24342792399109
t590	TRUE	32.787859181984075
t590	TRUE	32.59234644664468
t590	TRUE	27.647568725105543
t590	TRUE	23.251824152236907
t590	TRUE	10.049965722998706
t591	TRUE	90.04313236508416
t591	TRUE	88.14149484444307
t591	TRUE	87.36636264655637
t591	TRUE	52.868746953237036
t591	TRUE	39.065251933562735
t591	TRUE	32.848968501886034
t591	TRUE	28.540880573665405
t591	TRUE	28.27056527671745
t591	TRUE	16.345203878109942
t591	TRUE	10.505356208541599
t592	TRUE	90.18428262729095
t592	TRUE	50.469597248512486
t592	TRUE	4.883540653920875
t593	TRUE	74.72159851803623
t593	TRUE	56.0787986087185
t593	TRUE	48.81728778207122
t593	TRUE	34.11841657641922
t593	TRUE	3.3889703584719655
t594	TRUE	84.11158414316469
t594	TRUE	79.4391601022594
t594	TRUE	67.05553626197207
t594	TRUE	67.00591304826366
t594	TRUE	44.81597313296996
t594	TRUE	22.69309958166656
t594	TRUE	18.05497699140784
t594	TRUE	17.33253779544708
t594	TRUE	15.277527330937886
t594	TRUE	12.104926987114453
t595	TRUE	86.1114951105892
t595	TRUE	72.77257575412386
t595	TRUE	69.43221660089785
t595	TRUE	46.01244175649552
t595	TRUE	22.778714559241564
t596	TRUE	82.05308958060206
t596	TRUE	81.7756272397107
t596	TRUE	48.614901500329495
t596	TRUE	42.87686559380761
t597	TRUE	52.03861164745348
t597	TRUE	47.52584722709315
t598	TRUE	65.36303565332693
t598	TRUE	57.715204809401456
t598	TRUE	57.36379778439206
t598	TRUE	50.209141424466196
t598	TRUE	27.287326171512177
t598	TRUE	23.37989250324044
t598	TRUE	9.74392321086799
t599	TRUE	54.47200826000484
t599	TRUE	23.36720499009354
t599	TRUE	15.078456166987252
t600	TRUE	52.34977090211807
t600	TRUE	12.118377216371385
t601	TRUE	40.85930128528027
t601	TRUE	35.17390040626971
t601	TRUE	1.2110366124908012
t602	TRUE	14.007994435957215
t605	TRUE	21.50749713621002
t608	TRUE	101.45481384263098
t608	TRUE	95.16858453031487
t608	TRUE	94.6098572957129
t608	TRUE	79.33840217356212
t608	TRUE	66.79349541020221
t608	TRUE	25.665339673767264
t608	TRUE	1.8382475113427006
t609	TRUE	94.58054861930955
t609	TRUE	79.74868606743121
t609	TRUE	59.854338896040915
t609	TRUE	18.337930908755766
t609	TRUE	10.517978425024353
t610	TRUE	84.83117629180197
t610	TRUE	50.492865597297694
t610	TRUE	32.105156915571
t611	TRUE	74.48424270317102
t611	TRUE	55.21967925155879
t612	TRUE	35.7046033967362
t613	TRUE	99.35121308406161
t614	TRUE	81.23824340877904
t614	TRUE	70.80803172318114
t614	TRUE	11.570829207253922
t614	TRUE	0.1488447599834899
t615	TRUE	80.94082506928581
t615	TRUE	73.09600394774216
t615	TRUE	69.37643481042224
t615	TRUE	68.42674318302255
t615	TRUE	40.307043751256984
t615	TRUE	32.964862210231345
t615	TRUE	26.21171683773629
t615	TRUE	15.44911512289329
t615	TRUE	11.206909801104501
t615	TRUE	10.634463905581669
t616	TRUE	84.94809898619924
t616	TRUE	64.88948106530914
t616	TRUE	62.88477135941996
t616	TRUE	37.53537146578421
t616	TRUE	35.4366587495326
t616	TRUE	11.500500182705764
t617	TRUE	71.23892418222985
t618	TRUE	49.96425932637972
t618	TRUE	47.35420325204355
t618	TRUE	40.83917675904554
t618	TRUE	3.9766072721409103
t619	TRUE	33.85136679464679
t619	TRUE	24.120945704148227
t621	TRUE	11.663575138063038
t625	TRUE	92.22812855222037
t625	TRUE	91.74569348410478
t625	TRUE	67.26328384752358
t625	TRUE	60.18557065230395
t625	TRUE	49.29263550852026
t625	TRUE	44.04633757722165
t625	TRUE	34.0468049893954
t625	TRUE	23.16942487907197
t625	TRUE	21.875991244507688
t625	TRUE	2.346073167014737
t626	TRUE	94.48455518781228
t626	TRUE	57.59384865778918
t626	TRUE	54.58071656994687
t626	TRUE	48.71973766483532
t626	TRUE	7.915490629939427
t627	TRUE	22.421063073238614
t628	TRUE	39.969723865087644
t628	TRUE	23.15809950219156
t628	TRUE	16.61813031868698
t629	TRUE	69.51833404063625
t629	TRUE	55.178923900366016
t629	TRUE	43.96974005283434
t629	TRUE	39.446734828557695
t630	TRUE	58.419042383027374
t631	TRUE	74.68140035246677
t631	TRUE	32.72430907565945
t632	TRUE	8.39374947076709
t633	TRUE	34.98143295304496
t634	TRUE	29.18027594232578
t635	TRUE	35.080239965130644
t635	TRUE	31.093633842204767
t635	TRUE	15.986240102364434
t635	TRUE	14.974482416028195
t635	TRUE	4.38419675719183
t636	TRUE	31.708415291014376
t636	TRUE	29.53870716572112
t636	TRUE	24.317751769650044
t637	TRUE	83.88000081636616
t637	TRUE	72.32899577700206
t637	TRUE	70.31008484185347
t637	TRUE	59.08047136274334
t637	TRUE	56.79638045263644
t637	TRUE	53.324120030818705
t637	TRUE	49.19736839295361
t637	TRUE	41.886956787378026
t637	TRUE	18.24219394809623
t637	TRUE	8.68588572702427
t638	TRUE	37.21175310227292
t638	TRUE	33.219472598537976
t639	TRUE	86.15798064991814
t639	TRUE	83.31721334921644
t639	TRUE	69.01189566877387
t639	TRUE	51.71673923171042
t639	TRUE	46.07468645459889
t639	TRUE	40.867172984924906
t639	TRUE	7.061392352321263
t640	TRUE	73.2316369667432
t640	TRUE	55.668757359460955
t641	TRUE	78.67437977919045
t641	TRUE	68.25916846858027
t641	TRUE	65.02178091199758
t641	TRUE	51.68606523999634
t641	TRUE	43.75911451520088
t641	TRUE	5.79338650962427
t642	TRUE	49.91872475252475
t642	TRUE	25.039289527043707
t642	TRUE	20.939543944254524
t644	TRUE	66.61672486575875
t644	TRUE	3.5588400701848286
t645	TRUE	52.90353159504241
t645	TRUE	46.58039493570334
t645	TRUE	6.00195830939964
t646	TRUE	86.78607083307409
t646	TRUE	85.43144168713891
t646	TRUE	65.14413891825853
t646	TRUE	61.615757350810156
t646	TRUE	56.4426864638005
t646	TRUE	16.116267402568383
t647	TRUE	65.19442514982103
t647	TRUE	0.8565770262935075
t648	TRUE	47.37206760412312
t648	TRUE	33.16273257311627
t648	TRUE	7.412408574283319
t649	TRUE	58.68386107674061
t649	TRUE	44.917604040263285
t649	TRUE	30.305773516366855
t649	TRUE	24.327981577436105
t649	TRUE	14.746572881186978
t649	TRUE	1.9006102189371745
t650	TRUE	31.205929528319757
t652	TRUE	22.122319552682896
t653	TRUE	13.582486368351226
t653	TRUE	3.7926035072734408
t654	TRUE	7.969397872321849
t655	TRUE	8.541316296742707
t656	TRUE	10.079557995878702
t657	TRUE	50.59464767035436
t657	TRUE	44.18622317184102
t657	TRUE	33.95104809124362
t657	TRUE	27.43911818992686
t658	TRUE	63.17058123490523
t658	TRUE	36.64975449369237
t659	TRUE	45.31383841831004
t659	TRUE	21.280156333576542
t660	TRUE	36.017162264703245
t660	TRUE	31.98374932204041
t660	TRUE	16.80529921903141
t661	TRUE	50.64619906281058
t661	TRUE	26.09801154702106
t661	TRUE	4.545229290087093
t662	TRUE	47.205157535620316
t662	TRUE	42.36543742428003
t662	TRUE	30.776592217855438
t662	TRUE	27.63501787879666
t663	TRUE	9.604721976126541
t664	TRUE	57.97068768633497
t664	TRUE	46.24588721884382
t664	TRUE	28.343800805287245
t664	TRUE	25.161684571215645
t664	TRUE	11.897919472688557
t664	TRUE	10.6041928067894
t664	TRUE	7.174783746162177
t665	TRUE	16.019065256757727
t666	TRUE	94.0423653537806
t666	TRUE	83.88539443560204
t666	TRUE	57.08866006615099
t666	TRUE	38.488276256292195
t666	TRUE	6.6254421610757674
t667	TRUE	73.430146751129
t667	TRUE	40.03702638453477
t667	TRUE	31.975343702615817
t667	TRUE	30.62591418649407
t668	TRUE	88.72127065133913
t668	TRUE	85.8276267319606
t668	TRUE	85.21453559015481
t668	TRUE	73.7293049095997
t668	TRUE	18.74049236866847
t668	TRUE	17.78778700026885
t669	TRUE	51.53613609815301
t669	TRUE	50.21797461988689
t669	TRUE	35.65704696517922
t669	TRUE	17.44055121495478
t669	TRUE	10.805230422980117
t669	TRUE	1.5761649171923864
t670	TRUE	96.65695258302345
t670	TRUE	37.42176422140159
t671	TRUE	75.23929244618826
t671	TRUE	71.28270851228349
t671	TRUE	48.84429138017981
t671	TRUE	21.347417998541033
t671	TRUE	12.684385058883464
t672	TRUE	70.19622463194581
t672	TRUE	53.26098729735327
t672	TRUE	50.046078506240434
t672	TRUE	35.20395299542773
t672	TRUE	24.300159589686274
t672	TRUE	23.4054045051829
t672	TRUE	18.453972317068946
t672	TRUE	10.826878851070177
t673	TRUE	37.40207068717433
t673	TRUE	29.303576025202403
t673	TRUE	12.369636662235138
t673	TRUE	11.211013413896438
t673	TRUE	1.4379013720207183
t674	TRUE	17.00420034965896
t674	TRUE	13.162278700565935
t675	TRUE	42.490875888728866
t676	TRUE	19.53657359022141
t677	TRUE	28.263258281002237
t677	TRUE	15.554402972409918
t678	TRUE	65.02822945944742
t678	TRUE	61.42527206919864
t678	TRUE	25.235715241247675
t678	TRUE	11.956272789353392
t678	TRUE	2.301014618093035
t679	TRUE	12.462556163653801
t680	TRUE	47.21564530782183
t680	TRUE	38.93362827054938
t680	TRUE	18.113355166334458
t680	TRUE	12.69438561523313
t681	TRUE	53.218530676235574
t681	TRUE	40.09249356472971
t682	TRUE	0.5164787931120429
t683	TRUE	0.1050879582420805
t684	TRUE	12.940373355297766
